N <- 1000
y <- 
c(1.26631360042501, -0.523790345783337, 0.527189239763788, -0.125110712927187,
0.432019368533049, -0.0287331094991152, -1.0989733998553, -0.538752469228008, 1.0261319968422,
0.312823581629711, -2.63515138076, -0.785417101045425, -2.22877856368318, 0.448762568188305,
-2.22682820915555, 0.0134329948103472, 2.05022399116618, -1.68921657247338, 2.22634901746199,
-0.789018575102757, -0.367714003021438, 3.14189418177332, 0.474513911925117, 2.54256039115003,
1.94337211574217, 1.64194162201831, -1.20992431302787, -1.44286423947604, 0.189792189991645,
0.169673034976467, -0.724410781178288, 1.50343799390617, 0.711594960233394, 0.704718304786395,
-0.101281992406785, -0.444420670543802, 1.68842192924897, 0.968769235382401, -1.78599614410245,
-0.151869740898774, -1.47379952779795, -1.35606683256445, -2.40168317886783, 0.269421410804036,
2.41693572255715, 0.862136108753078, -1.85824335896063, 0.629831772270937, -0.786481095062127,
0.969792027362527, 0.471519981553252, 0.0155278157852098, -3.68701293397373, -0.64882298183628,
-1.33444287573066, -2.06083488263461, -0.763743326308132, -0.122602309948604,
-1.14540774729332, 1.90561466731492, -0.758427770627765, -2.13744598102821, 1.37343392025324,
-1.58797452292377, -2.63024344947012, -1.58232379828449, -1.51382009157039, 1.01014856728002,
1.20653994014067, -0.647356514931469, 0.399741859470546, 1.29075350923498, 0.40712653503491,
-0.261346082373064, -1.77405796773813, -1.63681375880324, -0.311541856700056,
0.184552092377533, -0.166987614471309, -0.234223680726855, -2.97795542946845, 0.60474974257812,
0.165508580395619, -0.73017344467115, 0.0794736128237508, -1.81136551722328,
-0.464014673280838, 1.01315578375182, 0.456111135231704, -0.104101668416464, 0.369477395884592,
-2.44036363323115, 1.10853215016492, 1.83551787356013, 2.08041172933612, -1.02978905277141,
-1.63275889770426, 0.583052357612295, -0.993113177097298, -1.18085520872833,
-0.280242572461914, -0.0217975365827658, -1.05816548118329, 0.40066198848358,
0.155744275015376, 0.613016369143814, -1.98544398061598, -1.901269107073, 2.27613996234203,
-1.82256142493381, 0.193261509593133, -0.201823132097996, 1.15180624095839, -1.07982766087131,
-0.453370385677052, -2.74668376977957, 2.69413246042713, -0.13062950399635, 0.117862849968466,
-0.883328956344067, 1.13199031561456, -1.69442322133422, 0.165012415280619, -2.74967516552275,
1.05141529227117, 0.0852061651132338, 0.173324056800804, 0.13453911165617, 2.72914165334507,
0.21676249232865, -0.635189063925755, -0.896889826721254, 1.28901201820529, -2.06476030633228,
-0.293766704478937, 0.0582415550109411, 0.598468514248818, 0.382109860471693,
0.873325597513004, 0.601722716861019, -2.02584484898551, -0.174744654213661,
-0.871699709928435, -1.31728726107778, -0.988694181173289, -1.11391086740712,
-1.38967791586304, 2.31461193619672, -2.72309298254978, 0.370088774923693, 1.76292105377964,
-0.501053029505189, -0.782654637758603, 0.48425566706376, 0.511541330929745,
-0.0732247708070622, 0.140052515912716, -1.32101420989462, -0.773834178344968,
-2.65694247048158, 0.307005815664163, -1.19144386579889, -0.915516670276572, 1.66483896044739,
-0.436593587821685, -0.132412860708628, -0.0690515668945892, 1.79191593667398,
-1.08577822699865, -0.963293112349074, 1.29268116374042, -1.94287220440366, 0.839713810755174,
0.453390334305647, -1.23065412964226, 1.5272307797626, -2.17758434769827, -0.752392218305704,
-1.18194084970788, -0.252071213565937, 1.1851592720255, -1.50610845738651, -0.444065387776251,
0.0481501959921043, -1.59423239953399, -1.34142512285095, 0.85347198414714, -1.39695375279177,
-1.20049267559865, 0.864547326955894, -2.05629537444056, -1.57996421276094, 2.65813893422007,
1.21538456721868, -0.902476918992852, 2.46325725409231, 0.772286283029296, 0.0409236131425794,
0.720981998037922, 2.33329153118656, 0.460479193250979, -0.38991374654337, 0.660741745757932,
-1.25704961198716, -2.38414880779411, -0.0415785985810068, 0.191655972598923,
-0.321567098151345, -0.794119221344441, -1.33234894145521, 0.351194462908596,
-0.453391113559692, -0.330055348688338, -0.823286042396742, 0.295339120290116,
-0.368613490864517, 0.0624700130480474, 1.65052091021809, -0.275377483911204, -2.9564361822503,
0.0777202058814231, 0.13391942414574, 2.20601982970176, -2.29187643732005, -3.03442437377708,
0.439910513821798, -1.5322335098909, 0.801354033598361, 0.0392758612935162, 0.747131978691351,
0.196191856266949, 0.0101931262911206, -0.221083993233001, -1.06588112167268,
-0.404860487816217, -1.28076542321113, -1.42543784846327, -0.0633078916262658,
1.29286350768947, -0.0739835006794629, -1.21997355866598, -0.697426513376734, -1.2811336899809,
-1.58835863603139, 2.85892513680879, 2.73016382510322, 0.889254542401227, 0.81199044704709,
-1.59317027690996, -0.441830427366918, 1.14568178870621, 1.52785151960253, -0.953964553141725,
0.942990646292814, 1.68802604169493, 0.412667350193584, -0.860471994280722, 2.53763668083617,
0.86557088988287, -1.39579485190412, -0.363088211921456, 2.3131777347676, 0.778103112785781,
0.431407015056336, 0.369693058385502, 0.0879975427736983, 0.588160627199122, 1.96996896722566,
0.253211698864679, 0.593839585197573, -0.362737134962573, -1.36465427094651, -2.54848804500607,
-0.9337602245769, 1.7664912738313, 0.489547574272788, -0.516689516919006, -0.0951748831770994,
1.54774718472599, 1.33715728570664, 0.944282918973226, 0.570828843546746, 0.440269083149774,
-1.31794206134145, 0.287470205860949, -1.41122220688229, -1.63094661330763, 1.06200374033249,
1.79264646813341, -0.532252386695708, 0.678776060049313, 1.0789060550146, 0.39869397868763,
0.367706647316855, 1.03624566326747, -0.00621699289726785, -1.9525265562214,
-0.692378333897719, 0.570962375098186, 0.296597847180583, 0.833231264857914, 2.12360748519628,
-0.325459397991993, 0.379590529422061, -1.70794860053295, -0.81219333060974, -0.10734667414646,
-2.38865953913372, -0.384035695034477, 0.970370600386259, 1.45145109531134, 0.802546913531882,
-1.38263347092694, 1.030685636014, -1.93556021720447, 1.24875839844121, -1.29686957517794,
-2.18659691838708, 1.59007334229125, -0.471089456316861, 0.537245571431905,
-0.00742711117411377, 0.106828126952395, 0.761615195706456, 2.00516904464172,
-2.79937118449593, 1.30092126359309, -1.49124104504112, -1.84059960808154, -0.112892822644488,
0.512562578033528, -1.43701261824957, -0.636334361948771, 0.936610368116142, -2.01687255161799,
-0.830821800494453, 1.36882740737285, 1.92315095361129, -2.07762500812697, 0.959981825969808,
1.58631093390283, 1.73386308513992, -0.507242708578791, -0.637287211582385, 0.350111080066222,
-2.90199939199297, -1.62628243368693, -0.432723784271015, -1.59008905912479, 0.66953533027702,
-0.202063568082135, 0.79524419360365, -1.10623962592612, -0.386312597861401, 0.520632350841922,
-0.246907573049649, -2.02597278183314, 0.322736032789516, 0.503835683666471, 0.366825112744546,
0.0200846421704686, -0.498330973329564, -1.29029952140222, 2.08289658915205, -1.19160474584377,
0.108314236390262, 0.0917472962529124, 1.23650417526746, -1.48958977230282, -0.259635946644196,
-1.34496220583039, -1.16933822445724, -0.771960759350515, 2.11575927330994, 0.329681010264182,
-1.92583260780154, 1.48687775406564, 0.797256587635821, 0.960370397007832, -0.736419685385588,
-1.88585168610429, 1.05057515137852, 1.70640913273212, -1.51643380187034, -0.559878055932642,
-0.349641378252711, -1.62128443354992, -0.113412045147825, -0.960878922896887,
-2.35403392216521, -0.914472556092687, -0.9207407743924, -1.34549175137489, 0.670602439572455,
1.00815515792157, 1.47518707411893, 1.1726625612681, -0.290946282568469, -0.0533046230453894,
0.511069572256606, -0.828319196043006, -1.70204221926319, -1.68492627641908, 0.489479846124608,
-2.19137001916199, -0.318131240735496, 1.54669856583539, 1.02662723965688, 0.752055935986231,
2.39175964810291, -0.0764786246553738, -0.45185929258552, -0.0230229455703487,
1.21495704737483, 1.17687706443584, -1.91374673602235, -0.000898371115800822, 1.44073570411274,
