N <- 100
y <- 
c(4.13595281072226, 4.21179174812376, -1.28089723785634, -1.67428077684489,
3.27520235064224, -3.20690806670072, -3.17384545196861, 3.78789014951125, -2.32338472160902,
-3.27775580312563, -4.98926888256578, -4.08100771295037, -3.68994987700813, -2.25873311163475,
-3.27011886496433, 2.17950944041352, -3.06822822870776, -2.26367896635146, -2.21328742834459,
-4.34565553580742, 3.15015662168815, -3.02175284684445, -2.03977711635437, -2.13725052276812,
-2.83210792812327, -1.60588451844863, 2.26693065348437, -1.9974218245337, -2.56085750471117,
-3.05672481947473, -3.29889920233306, 2.15625043835147, -2.42476061408001, -2.46694479277825,
-3.25240540998244, -3.91362532885612, 3.53405503818795, 1.06184450223692, -2.00463469250327,
4.37250001329059, -4.05385835799607, 2.73372436983876, -3.33474540673919, -3.13979008660257,
-2.7878737982729, -3.73931396780051, -2.48451045151027, -2.61636257041599, -3.44405328342962,
4.15628245824634, 4.42243193877172, -3.00631248306876, -1.98181926852494, -2.75363263396727,
-2.70811438680157, 1.79411122754688, 3.26350304937606, 2.78821172337715, -2.62560397617653,
-3.05216990330015, -0.656561525175167, -1.99921384847461, 2.27916363301997, -2.60234273875276,
4.08808057339241, -3.86189008470191, 5.23958559229842, -2.88749417093359, 0.463550089787235,
-2.67498192747656, -2.74669051859028, 2.27324383009737, 3.11978444941155, -2.60987958069973,
-3.90399196822644, 1.58614373790786, -2.85166667814597, -3.07966691987097, -3.08518871322219,
-2.55578642583501, -4.04575204441012, -2.62255143616887, -3.90207619704436, -2.54923240137804,
0.440437105444254, -2.56328487399898, 1.01111847479457, 2.72009214561534, 2.75986971679976,
-3.39503170877754, -2.04305716248014, 2.30593063440544, -3.18201672785472, -2.64046907884585,
-1.10355082623201, -3.50303615697413, -2.36146699713742, 1.0712169390032, -0.510854187322809,
-1.88682247726707)
